 5.00000000e-004
 5.60000000e-004
 6.20000000e-004
 6.90000000e-004
 7.70000000e-004
 8.60000000e-004
 9.60000000e-004
 1.07000000e-003
 1.19000000e-003
 1.33000000e-003
 1.48000000e-003
 1.66000000e-003
 1.85000000e-003
 2.06000000e-003
 2.30000000e-003
 2.56000000e-003
 2.85000000e-003
 3.18000000e-003
 3.55000000e-003
 3.95000000e-003
 4.41000000e-003
 4.92000000e-003
 5.48000000e-003
 6.11000000e-003
 6.82000000e-003
 7.60000000e-003
 8.47000000e-003
 9.45000000e-003
 1.00000000e-002
 1.10000000e-002
 1.20000000e-002
 1.30000000e-002
 1.40000000e-002
 1.50000000e-002
 1.60000000e-002
 1.70000000e-002
 1.80000000e-002
 1.90000000e-002
 2.00000000e-002
 2.10000000e-002
 2.20000000e-002
 2.30000000e-002
 2.40000000e-002
 2.50000000e-002
 2.60000000e-002
 2.70000000e-002
 2.80000000e-002
 2.90000000e-002
 3.00000000e-002
 3.10000000e-002
 3.20000000e-002
 3.30000000e-002
 3.40000000e-002
 3.50000000e-002
 3.60000000e-002
 3.70000000e-002
 3.80000000e-002
 3.90000000e-002
 4.00000000e-002
 4.10000000e-002
 4.20000000e-002
 4.30000000e-002
 4.40000000e-002
 4.50000000e-002
 4.60000000e-002
 4.70000000e-002
 4.80000000e-002
 4.90000000e-002
 5.00000000e-002
 5.10000000e-002
 5.20000000e-002
 5.30000000e-002
 5.40000000e-002
 5.50000000e-002
 5.60000000e-002
 5.70000000e-002
 5.80000000e-002
 5.90000000e-002
 6.00000000e-002
 6.10000000e-002
 6.20000000e-002
 6.30000000e-002
 6.40000000e-002
 6.50000000e-002
 6.60000000e-002
 6.70000000e-002
 6.80000000e-002
 6.90000000e-002
 7.00000000e-002
